[[0.4999867  0.50005346]
 [0.50003742 0.50008683]
 [0.5000727  0.50009266]
 [0.49998363 0.499993  ]
 [0.50000295 0.50004032]
 [0.49995535 0.49994495]
 [0.50001128 0.50001611]
 [0.49998714 0.49995987]
 [0.50001695 0.50004342]
 [0.49996782 0.49994859]
 [0.49996486 0.50000252]
 [0.50000961 0.50005163]
 [0.50005332 0.50010465]
 [0.50003076 0.50006802]
 [0.5000791  0.50023869]
 [0.50002941 0.50002957]
 [0.49996693 0.49997228]
 [0.49995469 0.499983  ]
 [0.50011083 0.50016875]
 [0.50008113 0.50020068]
 [0.49998029 0.50001412]
 [0.50001064 0.50001242]
 [0.50002536 0.50008627]
 [0.49996678 0.50005626]
 [0.50003219 0.50004271]
 [0.5000336  0.49998524]
 [0.49994092 0.49991563]
 [0.50001137 0.50000581]
 [0.49996766 0.49994931]
 [0.50011192 0.50021523]
 [0.50007292 0.50019856]
 [0.49989987 0.49991563]
 [0.50003805 0.49998931]
 [0.50003671 0.50005315]
 [0.50009564 0.50021122]
 [0.49995998 0.49996754]
 [0.50003321 0.50001429]
 [0.5000117  0.50000089]
 [0.50004094 0.50017738]
 [0.50013088 0.50025304]
 [0.49990771 0.49992117]
 [0.50001776 0.50003561]
 [0.50002415 0.50000668]
 [0.50000534 0.49999375]
 [0.50002886 0.50009683]
 [0.50009974 0.50014494]
 [0.49996711 0.5000176 ]
 [0.4999606  0.50000001]
 [0.4999847  0.49995171]
 [0.50007965 0.50019309]
 [0.49993072 0.4999878 ]
 [0.4999751  0.49999351]
 [0.50009081 0.50015723]
 [0.50006393 0.500184  ]
 [0.49999374 0.49996891]
 [0.50010271 0.50020878]
 [0.49999046 0.49998684]
 [0.50006044 0.5001589 ]
 [0.50000112 0.5000233 ]
 [0.50000233 0.50002947]
 [0.50002883 0.50003073]
 [0.5000846  0.50009922]
 [0.50003906 0.50002884]
 [0.49994449 0.49993464]
 [0.49992726 0.49998498]
 [0.49997323 0.49997605]
 [0.50008167 0.50008473]
 [0.50001681 0.500028  ]
 [0.50000033 0.50003097]
 [0.50005959 0.50010789]
 [0.49996425 0.50002021]
 [0.50004513 0.50003913]
 [0.50004917 0.49999812]
 [0.5000776  0.50009544]
 [0.5000806  0.50006831]
 [0.5000487  0.500094  ]
 [0.49997897 0.4999768 ]
 [0.50003355 0.50009902]
 [0.49994917 0.50002243]
 [0.49996957 0.49999325]
 [0.49998713 0.50001414]
 [0.49997059 0.50002345]
 [0.50007156 0.50020406]
 [0.50005766 0.50007369]
 [0.50005659 0.5001232 ]
 [0.50004117 0.50009255]
 [0.49999878 0.50007333]
 [0.50001016 0.49998346]
 [0.49995801 0.49995553]
 [0.49996585 0.49995465]
 [0.49998941 0.50004598]
 [0.49996947 0.49993971]
 [0.5000722  0.50014395]
 [0.50005224 0.50009388]
 [0.50007605 0.50011109]
 [0.50000442 0.5000385 ]
 [0.50005927 0.50001961]
 [0.50008177 0.50013926]
 [0.49999652 0.50005633]
 [0.50003732 0.5000811 ]
 [0.50000748 0.50000922]
 [0.4999681  0.49999942]
 [0.49991246 0.49994508]
 [0.50005997 0.50008857]
 [0.49999901 0.49997666]
 [0.50001625 0.50011529]
 [0.49998474 0.49997529]
 [0.50002898 0.50005868]
 [0.5000176  0.50004463]
 [0.50009718 0.50020415]
 [0.50005715 0.5000925 ]
 [0.50004362 0.50000852]
 [0.50005749 0.50008453]
 [0.4999557  0.50000348]
 [0.50005524 0.5000733 ]
 [0.50001299 0.50004041]
 [0.50012094 0.5002245 ]
 [0.49999028 0.50004917]
 [0.49998079 0.49996606]
 [0.4999595  0.49992288]
 [0.50011274 0.5001435 ]
 [0.49994863 0.49997948]
 [0.4999322  0.49995064]
 [0.50003366 0.50014115]
 [0.50001911 0.50001331]
 [0.49991725 0.49993923]
 [0.49998802 0.50005656]
 [0.50003936 0.50006031]
 [0.49995196 0.49996181]
 [0.50009789 0.50012156]
 [0.49994766 0.49993992]
 [0.49993516 0.49990642]
 [0.50006186 0.50005547]
 [0.49997697 0.50000731]
 [0.49991035 0.49993589]
 [0.49995265 0.49995785]
 [0.50004772 0.5001001 ]
 [0.49997917 0.50000603]
 [0.5000417  0.50001486]
 [0.50000021 0.50003276]
 [0.49998895 0.49998431]
 [0.49999995 0.50005481]
 [0.5000577  0.50011835]
 [0.50002865 0.50005151]
 [0.50005628 0.50013224]
 [0.50003591 0.50005467]
 [0.50008067 0.50015514]
 [0.50003124 0.50005215]
 [0.50001133 0.50003766]
 [0.500042   0.50005903]
 [0.50000382 0.50000828]
 [0.50004528 0.50006885]
 [0.49999134 0.50001673]
 [0.49993449 0.49999131]
 [0.4999355  0.49992436]
 [0.50005201 0.50012948]
 [0.50004457 0.50011308]
 [0.49997013 0.50007569]
 [0.50006068 0.50018919]
 [0.50002361 0.49998108]
 [0.49996641 0.50002963]
 [0.49999399 0.50010901]
 [0.50011937 0.50016533]
 [0.50001749 0.49999649]
 [0.50001122 0.50004899]
 [0.50004943 0.5000427 ]
 [0.50006703 0.50005498]
 [0.49999934 0.49999907]
 [0.49995365 0.49997529]
 [0.49998241 0.49995628]
 [0.50010154 0.50016844]
 [0.50006964 0.50008733]
 [0.49992281 0.49991909]
 [0.50002435 0.50003381]
 [0.49995128 0.49998674]
 [0.50006978 0.50015392]
 [0.50003271 0.50004179]
 [0.50008491 0.50008471]
 [0.50003061 0.49999731]
 [0.49998847 0.4999908 ]
 [0.50003191 0.50005258]
 [0.49998195 0.50003493]
 [0.49998012 0.4999616 ]
 [0.4999513  0.49994411]
 [0.50007029 0.50008054]
 [0.50008572 0.50022468]
 [0.49998977 0.49998081]
 [0.500032   0.50000703]
 [0.50002263 0.50001699]
 [0.49997926 0.49998618]
 [0.50006643 0.50009058]
 [0.49998384 0.49996458]
 [0.50000571 0.50002535]
 [0.4999789  0.49995538]
 [0.50002645 0.50008882]
 [0.49999366 0.50004634]
 [0.50000916 0.50001741]
 [0.50000725 0.49998115]
 [0.49993165 0.49988319]
 [0.4999959  0.50004212]
 [0.49994144 0.49997438]
 [0.50000957 0.50000784]
 [0.49996184 0.4999346 ]
 [0.50000179 0.50010805]
 [0.50003968 0.50002365]
 [0.49993303 0.49994419]
 [0.500047   0.50004939]
 [0.50002451 0.50011127]
 [0.50003345 0.50002302]
 [0.50004502 0.50013035]
 [0.50005839 0.50009524]
 [0.50007141 0.5000727 ]
 [0.50001881 0.50003915]
 [0.49997524 0.49995741]
 [0.50003609 0.50001226]
 [0.50005203 0.50005809]
 [0.49996229 0.49995059]
 [0.49999926 0.500006  ]
 [0.49997661 0.49997769]
 [0.49993891 0.49992144]
 [0.50001955 0.50002472]
 [0.4999631  0.49998887]
 [0.50009123 0.5000911 ]
 [0.50006682 0.50019069]
 [0.5000384  0.50011145]
 [0.50010667 0.5001145 ]
 [0.50004998 0.50012253]
 [0.50003999 0.50008533]
 [0.49995711 0.49997279]
 [0.50001397 0.50001511]
 [0.49999459 0.50002197]
 [0.50003396 0.49998609]
 [0.49993645 0.49989   ]
 [0.50008502 0.50007431]
 [0.50002284 0.50001657]
 [0.49999714 0.50001407]
 [0.49994367 0.49994539]
 [0.50008085 0.50013299]
 [0.5000054  0.50011972]
 [0.50008155 0.50013455]
 [0.49998303 0.50009008]
 [0.49991643 0.49989469]
 [0.50002084 0.49998292]
 [0.50011534 0.50013044]
 [0.49997313 0.50003688]
 [0.50003203 0.5000614 ]
 [0.50002953 0.5000566 ]
 [0.50003809 0.50010325]
 [0.50001714 0.50000089]
 [0.49999175 0.50002923]
 [0.49997032 0.5000208 ]
 [0.50007788 0.50011751]
 [0.50011023 0.50019855]
 [0.50008382 0.50008444]
 [0.50002897 0.50014505]
 [0.49997876 0.49993821]
 [0.50006307 0.50017566]
 [0.50001115 0.50006056]
 [0.50006265 0.50002875]
 [0.50001485 0.50014181]
 [0.50000583 0.49996907]
 [0.49997628 0.50003564]
 [0.50004589 0.50009734]
 [0.50003153 0.50018084]
 [0.50006096 0.50006206]
 [0.50014117 0.50026032]
 [0.50003322 0.50007593]
 [0.50000666 0.49999493]
 [0.50007787 0.50008745]
 [0.50000437 0.50001605]
 [0.50002284 0.50005272]
 [0.50012682 0.50020952]
 [0.50006669 0.5001149 ]
 [0.50001087 0.50002913]
 [0.49999049 0.50002611]
 [0.49996049 0.49994021]
 [0.49998693 0.49997524]
 [0.49996144 0.49994206]
 [0.50009119 0.50009741]
 [0.49997766 0.4999268 ]
 [0.49996109 0.50003014]
 [0.50010202 0.50022438]
 [0.4999885  0.50001947]
 [0.49997573 0.49998647]
 [0.50001881 0.50001224]
 [0.50004594 0.50004698]
 [0.50003048 0.50010609]
 [0.49997253 0.49995321]
 [0.5000116  0.50010773]
 [0.50007843 0.50005485]
 [0.4999985  0.50001594]
 [0.49999396 0.50003438]
 [0.50011442 0.50027024]
 [0.4999552  0.49996382]
 [0.50006992 0.5000562 ]
 [0.49994611 0.49997359]
 [0.5000433  0.50013565]
 [0.50005986 0.50012332]
 [0.50007632 0.50017699]
 [0.49997725 0.4999686 ]
 [0.50002141 0.50002831]
 [0.49998411 0.5000009 ]
 [0.50004943 0.50005635]
 [0.50000228 0.5000058 ]
 [0.50007342 0.50007398]
 [0.50004061 0.5000795 ]
 [0.50000527 0.49997644]
 [0.49999251 0.50000635]
 [0.50003147 0.50008791]
 [0.49999621 0.50000023]
 [0.50005853 0.50005921]
 [0.49995931 0.49994349]
 [0.50011657 0.50020919]
 [0.50006685 0.50011716]
 [0.5000075  0.50008504]
 [0.50001921 0.50007205]
 [0.50003467 0.50007611]
 [0.50001994 0.50006948]
 [0.4999554  0.49995368]
 [0.50002291 0.5000957 ]
 [0.50000645 0.50001656]
 [0.49997273 0.49995832]
 [0.50007082 0.50016803]
 [0.50005046 0.50013449]
 [0.50003636 0.50005217]
 [0.50002141 0.50007512]
 [0.49995552 0.49992623]
 [0.50008619 0.50019787]
 [0.50007117 0.50012736]
 [0.5000943  0.50013862]
 [0.50001264 0.5001059 ]
 [0.50003769 0.50012483]
 [0.4999866  0.49999039]
 [0.49995176 0.49995592]
 [0.49998611 0.50000868]
 [0.50010081 0.50012824]
 [0.50004596 0.50004483]
 [0.50004621 0.50004982]
 [0.50004371 0.50015185]
 [0.49999232 0.49997177]
 [0.49997468 0.49996875]
 [0.50004123 0.50006585]
 [0.49995227 0.49994857]
 [0.50004352 0.50010542]
 [0.50008082 0.50008938]
 [0.50000995 0.49998326]
 [0.5000744  0.50011364]
 [0.50002579 0.50007256]
 [0.49998811 0.49998326]
 [0.49998453 0.50002498]
 [0.49995555 0.4999263 ]
 [0.49999795 0.49996772]
 [0.49998191 0.49997287]
 [0.50000397 0.50007694]
 [0.49998195 0.50003493]
 [0.50005724 0.50006473]
 [0.50012949 0.5001871 ]
 [0.50006283 0.50006538]
 [0.50005699 0.50014959]
 [0.49992399 0.49989934]
 [0.49998053 0.49998495]
 [0.50006736 0.50008421]
 [0.49996615 0.50000539]
 [0.49998041 0.4999609 ]
 [0.49995741 0.49991578]
 [0.49996348 0.49997061]
 [0.50000289 0.49999252]
 [0.4999706  0.49993818]
 [0.50005346 0.50007753]
 [0.50001015 0.50004039]
 [0.49995323 0.49991233]
 [0.49993119 0.49990566]
 [0.4999633  0.49998513]
 [0.5000949  0.50018609]
 [0.50002511 0.50008141]
 [0.49995022 0.50003231]
 [0.49997556 0.50001078]
 [0.50006909 0.50022167]
 [0.50002607 0.49999331]
 [0.50008038 0.5000934 ]
 [0.49992562 0.49994722]
 [0.50003095 0.500139  ]
 [0.50006427 0.50009833]
 [0.50004459 0.50008985]
 [0.4999995  0.49998767]
 [0.50004872 0.50010242]
 [0.50003051 0.50006316]
 [0.50003833 0.50002932]
 [0.49991801 0.49990463]
 [0.49998038 0.49997179]
 [0.50007513 0.5001007 ]
 [0.49995906 0.50001562]
 [0.50002179 0.50005895]
 [0.50002263 0.50005877]
 [0.49997823 0.49998384]
 [0.49998914 0.49997814]
 [0.50005855 0.50004139]
 [0.5000186  0.50006406]
 [0.50009764 0.50006548]
 [0.49998158 0.50003408]
 [0.49998254 0.49992951]
 [0.50011634 0.50020956]
 [0.49999603 0.50000605]
 [0.50007332 0.50008564]
 [0.50001613 0.50000057]
 [0.50000528 0.50003431]
 [0.49995291 0.49993498]
 [0.50000104 0.49995366]
 [0.50004484 0.50000613]
 [0.50004113 0.50006562]
 [0.49995022 0.49994471]
 [0.49993957 0.49997124]
 [0.49992195 0.49994077]
 [0.50008663 0.50003995]
 [0.49995151 0.49999795]
 [0.50001512 0.5000315 ]
 [0.50006446 0.50010519]
 [0.50001501 0.50002807]
 [0.5001082  0.50015421]
 [0.49999183 0.50004426]
 [0.50009432 0.50019532]
 [0.50009743 0.500209  ]
 [0.50003378 0.50014997]
 [0.49997934 0.5000364 ]
 [0.50009448 0.50009224]
 [0.50008978 0.50004099]
 [0.49993918 0.49993724]
 [0.49990931 0.49993772]
 [0.499885   0.49984677]
 [0.49998446 0.49997493]
 [0.50004441 0.50009235]
 [0.49993991 0.49989412]
 [0.50005032 0.50005708]
 [0.50002569 0.50001127]
 [0.50001401 0.50004067]
 [0.50010987 0.50011132]
 [0.49997967 0.50004357]
 [0.50008838 0.50007804]
 [0.50011493 0.5001351 ]
 [0.49997672 0.50002812]
 [0.49997029 0.4999886 ]
 [0.50002136 0.50010466]
 [0.50005488 0.50015534]
 [0.50003644 0.50004722]
 [0.50005325 0.50012501]
 [0.50001706 0.50002308]
 [0.50001645 0.50004852]
 [0.49996259 0.49994489]
 [0.49999971 0.49999316]
 [0.5000942  0.500147  ]
 [0.50010846 0.50008881]
 [0.49999807 0.5000055 ]
 [0.50001802 0.50001993]
 [0.49999198 0.50004027]
 [0.50010897 0.50019665]
 [0.50010467 0.50014794]
 [0.50002386 0.49999865]
 [0.49997979 0.49998301]
 [0.50010851 0.50016333]
 [0.50002924 0.5000156 ]
 [0.50005162 0.50004875]
 [0.50007737 0.50016628]
 [0.50001584 0.50003767]
 [0.49999958 0.50001757]
 [0.49997572 0.50000436]
 [0.49999289 0.50005314]
 [0.50003289 0.50000043]
 [0.50001598 0.50001446]
 [0.49991792 0.49990884]
 [0.49994809 0.49992804]
 [0.50003097 0.50008019]
 [0.49991246 0.49994508]
 [0.49997621 0.49998302]
 [0.49995652 0.49998626]
 [0.50011442 0.50014432]
 [0.50006436 0.50014032]
 [0.49998805 0.50010481]
 [0.50001724 0.50008871]
 [0.50003792 0.50010925]
 [0.500026   0.50007711]
 [0.50011933 0.5001634 ]
 [0.50009864 0.50013619]
 [0.49995898 0.49998121]
 [0.50005833 0.50007915]
 [0.50012123 0.50012714]
 [0.49993056 0.49995968]
 [0.49998592 0.49992073]
 [0.50002983 0.50005824]
 [0.50002791 0.50013286]
 [0.50004782 0.5000728 ]
 [0.49998649 0.50000706]
 [0.49998767 0.49995653]
 [0.49989577 0.49990605]
 [0.50012685 0.50019557]
 [0.50009162 0.50013372]
 [0.49996478 0.500013  ]
 [0.4999958  0.49994787]
 [0.50008606 0.50007894]
 [0.49999079 0.49994478]
 [0.50005682 0.50007983]
 [0.500077   0.50019315]
 [0.49998494 0.50001107]
 [0.50005717 0.50010849]
 [0.50003053 0.50014214]
 [0.49998713 0.4999767 ]
 [0.50005479 0.50006792]
 [0.50001279 0.50005702]
 [0.49999962 0.50000066]
 [0.4999033  0.49991086]
 [0.50001628 0.49999564]
 [0.5000332  0.50006856]
 [0.50003425 0.50008786]
 [0.49998218 0.49998754]
 [0.50003546 0.50007141]
 [0.50008145 0.50015454]
 [0.50009788 0.50013421]
 [0.50004483 0.50009988]
 [0.50004957 0.50006631]
 [0.50001176 0.50000435]
 [0.49998719 0.50004195]
 [0.49994014 0.49994154]
 [0.50001773 0.50008877]
 [0.49996301 0.49999291]
 [0.50000313 0.5000418 ]
 [0.5000563  0.50012565]
 [0.49996737 0.50000082]
 [0.49996272 0.49996883]
 [0.50001293 0.49997294]
 [0.50004594 0.5001197 ]
 [0.49995429 0.49999274]
 [0.50012677 0.5002585 ]
 [0.49996842 0.49998209]
 [0.50008426 0.50008121]
 [0.50005414 0.50011304]
 [0.50009941 0.50016133]
 [0.49999896 0.50002687]
 [0.50006196 0.50007071]
 [0.50003492 0.50000739]
 [0.49999342 0.49997433]
 [0.5000565  0.50008443]
 [0.50006013 0.50006429]
 [0.49998907 0.49999197]
 [0.50002715 0.50004463]
 [0.50007039 0.50021091]
 [0.50003266 0.50006287]
 [0.50005553 0.50011761]
 [0.49999885 0.50007563]
 [0.5000988  0.50013975]
 [0.49991547 0.4999372 ]
 [0.50005373 0.5001954 ]
 [0.5000874  0.500099  ]
 [0.49996707 0.49997024]
 [0.5000551  0.50002557]
 [0.50000446 0.49999604]
 [0.49995766 0.50003588]
 [0.50005027 0.50003149]
 [0.5000261  0.5000733 ]
 [0.50004412 0.50009602]
 [0.50002272 0.50009327]
 [0.50001003 0.50008463]
 [0.49995852 0.49990138]
 [0.49996237 0.499985  ]
 [0.500045   0.50007664]
 [0.50011068 0.50018991]
 [0.49998786 0.49999341]
 [0.49993608 0.49996186]
 [0.50000447 0.50005362]
 [0.50004529 0.50006482]
 [0.50008349 0.50003159]
 [0.50010317 0.5002312 ]
 [0.4999877  0.49998428]
 [0.49999183 0.50003037]
 [0.50003811 0.50008537]
 [0.49999858 0.50002498]
 [0.49999749 0.50000543]
 [0.49996993 0.49995779]
 [0.5000059  0.50003221]
 [0.4999838  0.50010246]
 [0.50008592 0.50009135]
 [0.49989847 0.49989743]
 [0.50001461 0.50001867]
 [0.49999366 0.50004634]
 [0.50011338 0.50019202]
 [0.49996273 0.49993242]
 [0.50000332 0.49999622]
 [0.49997919 0.4999688 ]
 [0.49997991 0.49996325]
 [0.49998234 0.50005628]
 [0.49998112 0.50001394]
 [0.49999296 0.49999034]
 [0.50001842 0.49999853]
 [0.50000251 0.49997961]
 [0.50004414 0.50007059]
 [0.49991846 0.49997096]
 [0.50007222 0.50014682]
 [0.49996979 0.49999177]
 [0.50000672 0.4999863 ]
 [0.49995441 0.49998141]
 [0.50009668 0.50010806]
 [0.50002366 0.50004096]
 [0.49998486 0.50004175]
 [0.50003393 0.50007225]
 [0.50000386 0.49996873]
 [0.5000769  0.50007585]
 [0.49994562 0.50003009]
 [0.50000605 0.50002089]
 [0.49990644 0.4999118 ]
 [0.49997621 0.50001626]
 [0.49999716 0.50001632]
 [0.50011574 0.5002263 ]
 [0.49999894 0.49998512]
 [0.50004096 0.50003859]
 [0.49992253 0.49996865]
 [0.49993352 0.49987718]
 [0.49996675 0.49999511]
 [0.50003978 0.50012656]
 [0.49995113 0.49995445]
 [0.50009717 0.5001423 ]
 [0.49998275 0.50008057]
 [0.50004181 0.50005965]
 [0.50006459 0.50008841]
 [0.50013785 0.50020775]
 [0.49999572 0.49993694]
 [0.49999783 0.5001405 ]
 [0.50003369 0.50005461]
 [0.49993279 0.49993281]
 [0.50002581 0.50003862]
 [0.50008347 0.50016254]
 [0.50010551 0.50015204]
 [0.50000964 0.50012648]
 [0.50010662 0.50013764]
 [0.50003757 0.50006567]
 [0.49998549 0.50001973]
 [0.49999679 0.49998986]
 [0.50011625 0.50016444]
 [0.50004939 0.50011702]
 [0.49992941 0.49991858]
 [0.49998478 0.50002264]
 [0.49999838 0.50009695]
 [0.50012025 0.50011647]
 [0.50015714 0.50018782]
 [0.50006882 0.50013598]
 [0.50003177 0.50008221]
 [0.49999497 0.50000805]
 [0.50008445 0.50011579]
 [0.50004591 0.50006003]
 [0.50001534 0.50002671]
 [0.4999549  0.49991439]
 [0.49996437 0.5000163 ]
 [0.49996791 0.49998944]
 [0.50005851 0.50009253]
 [0.50003974 0.50006776]
 [0.49999276 0.4999962 ]
 [0.50003277 0.50004084]
 [0.5000189  0.50003387]
 [0.50002115 0.50004463]
 [0.50003918 0.50008772]
 [0.50003768 0.50007691]
 [0.49997933 0.50000982]
 [0.50000556 0.49996895]
 [0.50012788 0.50020255]
 [0.49999258 0.4999489 ]
 [0.49994644 0.49996704]
 [0.5000239  0.50008286]
 [0.50000097 0.50002716]
 [0.50011034 0.50022228]
 [0.5000775  0.50007805]
 [0.5000109  0.50008262]
 [0.50004341 0.5001532 ]
 [0.49999235 0.49998463]
 [0.50007026 0.50008268]
 [0.49992857 0.49995931]
 [0.50003148 0.50006217]
 [0.49998435 0.49999145]
 [0.50007355 0.50018429]
 [0.49999303 0.49998937]
 [0.50007237 0.50008449]
 [0.5000996  0.50016956]
 [0.50013639 0.50014555]
 [0.49997268 0.49992808]
 [0.49995059 0.49989113]
 [0.50000199 0.49999312]
 [0.50011781 0.50021193]
 [0.50001199 0.50001665]
 [0.49996804 0.49990633]
 [0.50002402 0.50002582]
 [0.50001043 0.50001748]
 [0.50007581 0.50015735]
 [0.5000027  0.49995754]
 [0.50005581 0.50015653]
 [0.49996404 0.50000914]
 [0.50010005 0.50013508]
 [0.50001395 0.500064  ]
 [0.49997643 0.49999536]
 [0.50001515 0.50002935]
 [0.49997624 0.50004088]
 [0.49998628 0.49998774]
 [0.50008722 0.50020014]
 [0.50004661 0.50009123]
 [0.5000173  0.50005162]
 [0.4999741  0.50001017]
 [0.49999774 0.50007631]
 [0.50009004 0.50016288]
 [0.49995296 0.49994166]
 [0.4999783  0.4999732 ]
 [0.50002891 0.50002108]
 [0.50003596 0.50013675]
 [0.50006136 0.50005766]
 [0.49996816 0.49996462]
 [0.49992529 0.49993669]
 [0.50004216 0.50009791]
 [0.49999624 0.49994471]
 [0.49999064 0.49998293]
 [0.50000633 0.50011021]
 [0.49995811 0.49992999]
 [0.50007765 0.5000826 ]
 [0.49995763 0.49992055]
 [0.5000332  0.50002367]
 [0.50001968 0.50003378]
 [0.4999907  0.5000064 ]
 [0.49998536 0.5000452 ]
 [0.5001346  0.50014775]
 [0.50010812 0.50014961]
 [0.50005203 0.50011018]
 [0.49995235 0.49994244]
 [0.50005457 0.50014209]
 [0.50002489 0.50004476]
 [0.49992735 0.49997468]
 [0.49994614 0.50002389]
 [0.50001427 0.50003379]
 [0.5000691  0.5001152 ]
 [0.50005791 0.50002368]
 [0.50002244 0.49999748]
 [0.49995068 0.4999428 ]
 [0.50006933 0.50003247]
 [0.49999792 0.50001482]
 [0.50002095 0.50013152]
 [0.50004764 0.5000296 ]
 [0.50003709 0.50013864]
 [0.50010697 0.50020791]
 [0.50000695 0.50000295]
 [0.50003609 0.50013806]
 [0.50003998 0.5001644 ]
 [0.49995826 0.49995178]
 [0.50001547 0.50003119]
 [0.49998364 0.49997929]
 [0.50006777 0.50005964]
 [0.49996438 0.49997785]
 [0.50004213 0.50004979]
 [0.50000496 0.50005356]
 [0.49998122 0.50003857]
 [0.49999061 0.50003493]
 [0.50006966 0.50012809]
 [0.49997656 0.49993695]
 [0.50004091 0.50007188]
 [0.50000281 0.50002315]
 [0.49995186 0.49990942]
 [0.49999746 0.50005522]
 [0.50004725 0.50010156]
 [0.50005562 0.50020298]
 [0.49995818 0.49998816]
 [0.50006913 0.50011397]
 [0.50007057 0.5001419 ]
 [0.49996653 0.50000216]
 [0.49995347 0.49992805]
 [0.4999842  0.49999332]
 [0.50008713 0.50010484]
 [0.50001318 0.49999274]
 [0.50006078 0.50008481]
 [0.49994775 0.49989324]
 [0.50014215 0.50014833]
 [0.50003137 0.49998415]
 [0.49996346 0.5000089 ]
 [0.49994751 0.5000345 ]
 [0.50005725 0.5000928 ]
 [0.50010025 0.50010801]
 [0.5000498  0.50007752]
 [0.50003288 0.50011897]
 [0.50008512 0.50010679]
 [0.5000271  0.500052  ]
 [0.5000845  0.50012554]
 [0.50004868 0.50014084]
 [0.50008267 0.50012225]
 [0.50003452 0.5000715 ]
 [0.49998017 0.49997536]
 [0.50002714 0.499985  ]
 [0.50004069 0.50010522]
 [0.50001674 0.50009606]
 [0.49999667 0.49998538]
 [0.50000486 0.49999461]
 [0.50001777 0.50007391]
 [0.50002618 0.50004971]
 [0.49989408 0.49989355]
 [0.50003866 0.50008858]
 [0.49999013 0.49999027]
 [0.50001272 0.50011975]
 [0.50009902 0.50017763]
 [0.4999155  0.49989891]
 [0.50003201 0.50003031]
 [0.49998612 0.50008109]
 [0.49998262 0.4999576 ]
 [0.5000272  0.50004262]
 [0.50002408 0.50001285]
 [0.50001185 0.50015079]
 [0.50000596 0.50003021]
 [0.49998362 0.50001757]
 [0.5000096  0.50006136]
 [0.49995623 0.500009  ]
 [0.50001223 0.50005557]
 [0.49997677 0.5000027 ]
 [0.50005007 0.50001515]
 [0.50003291 0.50007548]
 [0.50004971 0.50001106]
 [0.49998236 0.49998171]
 [0.50007348 0.50010508]
 [0.49996165 0.49998317]
 [0.49992106 0.49991604]
 [0.50010175 0.50013493]
 [0.49996254 0.50001857]
 [0.49998565 0.50009385]
 [0.50008947 0.50011458]
 [0.4999589  0.49995007]
 [0.49995825 0.4999795 ]
 [0.50001011 0.49998997]
 [0.50002004 0.50002055]
 [0.49999736 0.49999018]
 [0.50010451 0.5001809 ]
 [0.50001344 0.50011092]
 [0.50005464 0.50014129]
 [0.50000086 0.49999283]
 [0.50009502 0.50011683]
 [0.49994021 0.49993524]
 [0.49995072 0.49992155]
 [0.50005111 0.5000975 ]
 [0.50003708 0.50008396]
 [0.50008548 0.50012035]
 [0.50005866 0.5000894 ]
 [0.49995019 0.49995224]
 [0.4999363  0.49990923]
 [0.49998493 0.49999075]
 [0.50004008 0.50007795]
 [0.49999893 0.50000966]
 [0.50001258 0.50008647]
 [0.50001552 0.50007614]
 [0.50001124 0.50005125]
 [0.50002772 0.50009827]
 [0.50004076 0.50003806]
 [0.50009822 0.50021837]
 [0.49996653 0.49994329]
 [0.50004231 0.50008331]
 [0.4999533  0.50004598]
 [0.50007396 0.5000892 ]
 [0.49997939 0.50008781]
 [0.49995795 0.49992145]
 [0.4999836  0.50000824]
 [0.4999767  0.49998203]
 [0.5000161  0.50009671]
 [0.49999593 0.50008476]
 [0.49998311 0.49999504]
 [0.50007155 0.50007473]
 [0.50009901 0.50022243]
 [0.50003159 0.499989  ]
 [0.50001389 0.5000117 ]
 [0.49989916 0.49987556]
 [0.5000557  0.50005046]
 [0.50008428 0.50008546]
 [0.50003593 0.500111  ]
 [0.50013641 0.50019878]
 [0.49999777 0.50000267]
 [0.50000438 0.49995308]
 [0.50009034 0.50013363]
 [0.49997515 0.49997428]
 [0.50002234 0.50002799]
 [0.50007524 0.50008556]
 [0.50001172 0.49998857]
 [0.49993282 0.49994568]
 [0.50001494 0.49998191]
 [0.50010623 0.50010509]
 [0.50006863 0.50007437]
 [0.50002225 0.49999695]
 [0.50009298 0.50011655]
 [0.50000072 0.50002664]
 [0.49988947 0.49988489]
 [0.50002966 0.50011173]
 [0.5000403  0.50003195]
 [0.50005427 0.50014226]
 [0.50002758 0.50012685]
 [0.49995406 0.49996764]
 [0.50006907 0.50014363]
 [0.5000606  0.50009417]
 [0.49999266 0.50004408]
 [0.50002468 0.49998579]
 [0.49999098 0.50000173]
 [0.50011786 0.50023132]
 [0.50002694 0.50006878]
 [0.50007158 0.50011648]
 [0.49995095 0.49997233]
 [0.49999014 0.50001042]
 [0.49998851 0.50005028]
 [0.49990964 0.4999    ]
 [0.49998019 0.49998716]
 [0.50011305 0.50024767]
 [0.50000896 0.50002053]
 [0.50007013 0.50012484]
 [0.50004094 0.50004693]
 [0.49994546 0.49994988]
 [0.50002774 0.50006233]
 [0.50000533 0.50000647]
 [0.50015671 0.50017812]
 [0.49999072 0.50003511]
 [0.50000272 0.50003345]
 [0.49999185 0.50012651]
 [0.50000899 0.49996402]
 [0.50001051 0.49998222]
 [0.50001625 0.50001397]
 [0.49997463 0.50000501]
 [0.49996851 0.50003239]
 [0.49999363 0.50007304]
 [0.50001922 0.49999399]
 [0.50000118 0.50001596]
 [0.50000977 0.49996974]
 [0.50003694 0.50003331]
 [0.50007247 0.50008976]
 [0.50002823 0.50009519]
 [0.50003921 0.50002895]
 [0.50003946 0.50006833]
 [0.49998133 0.49993964]
 [0.50000094 0.49993209]
 [0.50003547 0.50006624]
 [0.50006534 0.50010304]
 [0.50008891 0.5001902 ]
 [0.50002133 0.5000182 ]
 [0.50011708 0.50006637]
 [0.50002435 0.50004013]
 [0.50007799 0.50012417]
 [0.5000146  0.49998745]
 [0.50002469 0.50004658]
 [0.50000412 0.49993997]
 [0.50002544 0.5000311 ]
 [0.50005031 0.50006993]
 [0.49998927 0.50000184]
 [0.5000578  0.5001164 ]
 [0.49994583 0.50002315]
 [0.49996722 0.49998447]
 [0.50009529 0.50015595]
 [0.50005182 0.50005325]
 [0.50010614 0.50013231]
 [0.50003505 0.50015935]
 [0.50002232 0.50006429]
 [0.50009631 0.50016384]
 [0.49997554 0.49995921]
 [0.50013558 0.50026425]
 [0.49995497 0.4999549 ]
 [0.50010666 0.50017517]
 [0.50003173 0.50012161]
 [0.50007133 0.5001384 ]
 [0.50008577 0.500169  ]
 [0.49999998 0.50002278]
 [0.50004447 0.50016858]
 [0.50006032 0.50011273]
 [0.49997947 0.50003568]
 [0.49997479 0.49995836]
 [0.50003666 0.50003922]
 [0.50002378 0.50001252]
 [0.5000784  0.50011881]
 [0.50005609 0.50005785]
 [0.50005437 0.50011062]
 [0.50001826 0.50002286]
 [0.49998501 0.50000285]
 [0.50005879 0.50003151]
 [0.50002471 0.49998364]
 [0.49990914 0.49990317]
 [0.49990554 0.49988399]
 [0.50001167 0.50006597]
 [0.50003893 0.50010095]
 [0.49997523 0.50006414]
 [0.50007991 0.50014986]
 [0.50003132 0.50005546]
 [0.50001574 0.50004606]
 [0.49997495 0.49998014]
 [0.50000886 0.50001589]
 [0.49995916 0.49996997]
 [0.50009062 0.50013772]
 [0.49993755 0.49995689]
 [0.50003783 0.50004552]
 [0.50000488 0.49996905]
 [0.50005918 0.50006536]
 [0.49996971 0.49995736]
 [0.50000323 0.50007308]
 [0.49990435 0.4999592 ]
 [0.49996429 0.49991251]
 [0.49995423 0.49994478]
 [0.50004416 0.50002046]
 [0.5000422  0.50005532]
 [0.49996692 0.49997982]
 [0.49995343 0.4999131 ]
 [0.50005295 0.50003684]
 [0.50002897 0.50004889]
 [0.49998966 0.50001066]
 [0.49994368 0.49994334]
 [0.50002423 0.50008494]
 [0.50006562 0.50017719]
 [0.50002597 0.50003854]
 [0.50006617 0.50008135]
 [0.49998004 0.49996339]
 [0.50003526 0.50006698]
 [0.50000471 0.500034  ]
 [0.50007426 0.50013802]
 [0.49998709 0.49999919]
 [0.50001297 0.5000319 ]
 [0.49998638 0.4999449 ]
 [0.50005092 0.50008328]
 [0.50006765 0.50003296]
 [0.50004584 0.50007885]
 [0.49999078 0.49997654]
 [0.50002267 0.50002883]
 [0.49992973 0.49991932]
 [0.50002517 0.50002726]
 [0.50003346 0.50003193]
 [0.49997195 0.49998615]
 [0.50009414 0.50014039]
 [0.50001876 0.50007539]
 [0.50009522 0.50020603]
 [0.5000028  0.50000581]
 [0.50005179 0.50010876]
 [0.49999442 0.50002135]
 [0.50000849 0.50009927]
 [0.49995891 0.49995651]
 [0.5000797  0.5001002 ]
 [0.49991814 0.49986247]
 [0.49997442 0.50001214]
 [0.50003108 0.50011681]
 [0.49991902 0.49993482]
 [0.49995817 0.5000477 ]
 [0.50006778 0.5001301 ]
 [0.50003343 0.49995914]
 [0.5000829  0.50020291]
 [0.49999593 0.50006461]
 [0.49997023 0.50002148]
 [0.50000896 0.5000268 ]
 [0.49996308 0.50003678]
 [0.49994642 0.49997433]
 [0.49999069 0.50011952]
 [0.49997331 0.49995702]
 [0.50004244 0.5000923 ]
 [0.49998759 0.50002169]
 [0.49992453 0.49991997]
 [0.50012114 0.50032003]
 [0.4999297  0.49990646]
 [0.50008841 0.50017715]
 [0.49999941 0.50002897]
 [0.50001035 0.5000257 ]
 [0.50001759 0.50004698]
 [0.50012195 0.50017686]
 [0.49991538 0.49989635]
 [0.50002531 0.50004354]
 [0.50000659 0.49999219]
 [0.4999915  0.49999965]
 [0.49999286 0.50004765]
 [0.50003248 0.50008173]
 [0.50002533 0.5000734 ]
 [0.50006297 0.50006333]
 [0.50012579 0.50025194]
 [0.50004609 0.50004969]
 [0.50002645 0.4999685 ]
 [0.50000092 0.49996406]
 [0.50009676 0.50013393]
 [0.50003543 0.50013772]
 [0.50002784 0.50000471]
 [0.50001538 0.50000862]
 [0.50008699 0.50020814]
 [0.50002589 0.50006418]
 [0.49999816 0.50005261]
 [0.4999761  0.49996178]
 [0.49992173 0.49987714]
 [0.49998242 0.49997847]
 [0.50002887 0.50001878]
 [0.49995963 0.49999883]
 [0.50004562 0.50015823]
 [0.50011514 0.50011725]
 [0.50001086 0.49999699]
 [0.50001264 0.50003533]
 [0.49999342 0.49997755]
 [0.50006722 0.50009029]
 [0.50001187 0.49999203]
 [0.5000437  0.50000575]
 [0.5000085  0.50004058]
 [0.50004052 0.50007485]
 [0.50012282 0.50021405]
 [0.50005052 0.50002766]
 [0.50008242 0.50020377]
 [0.49995407 0.49996347]
 [0.50008717 0.50010082]
 [0.499956   0.50004796]
 [0.50007744 0.50004298]
 [0.4999692  0.49996713]
 [0.50000957 0.50009241]
 [0.50002886 0.50008593]
 [0.49995408 0.4999699 ]
 [0.49998895 0.50000869]
 [0.4999363  0.4999594 ]
 [0.50010809 0.50008573]
 [0.50006721 0.50013303]
 [0.50007793 0.50012388]
 [0.50005418 0.50007678]
 [0.50000003 0.50000039]
 [0.4999687  0.49997414]
 [0.4999839  0.49995221]
 [0.50005535 0.50007533]
 [0.50005034 0.50000405]
 [0.49997427 0.49998518]
 [0.50011884 0.50022517]
 [0.50003153 0.50004978]
 [0.49997207 0.49994382]
 [0.4999569  0.49998816]
 [0.50007634 0.50009889]
 [0.50006041 0.50005353]
 [0.50007396 0.50017559]
 [0.50007802 0.50019568]
 [0.49995328 0.49989559]
 [0.5000029  0.50008282]
 [0.50009737 0.50013964]
 [0.50005255 0.50012464]
 [0.49994353 0.49997089]
 [0.49999002 0.5001341 ]
 [0.49996875 0.49994437]
 [0.50007522 0.50008757]
 [0.50001981 0.50003187]
 [0.50007383 0.50010149]
 [0.4999391  0.4998962 ]
 [0.50002416 0.4999505 ]
 [0.50012235 0.50020226]
 [0.50004826 0.50012933]
 [0.49993375 0.49988596]
 [0.50001471 0.50007639]
 [0.50000336 0.49997006]
 [0.50000223 0.49996284]
 [0.49991675 0.49990169]
 [0.50002985 0.50006477]
 [0.49995947 0.50006249]
 [0.50008517 0.50013022]
 [0.50005028 0.50002633]
 [0.49997659 0.49994982]
 [0.50007    0.50009054]
 [0.50010374 0.50010963]
 [0.50007834 0.50009099]
 [0.50010736 0.500198  ]
 [0.49994196 0.49997347]
 [0.50006054 0.50002557]
 [0.50007418 0.5001129 ]
 [0.49991309 0.49994656]
 [0.50000078 0.50002996]
 [0.50004801 0.50009902]
 [0.49998528 0.50001513]
 [0.50001359 0.49997059]
 [0.4999462  0.49990259]
 [0.50007901 0.50025555]
 [0.49994277 0.49991362]
 [0.49991633 0.49994988]
 [0.50002861 0.50007786]
 [0.49999039 0.50001   ]
 [0.50009669 0.50016366]
 [0.50006799 0.50013273]
 [0.49990616 0.49993036]
 [0.49996731 0.49996028]
 [0.49991879 0.49992361]
 [0.50009099 0.50015658]
 [0.49999681 0.49995451]
 [0.50009264 0.5001221 ]
 [0.49998191 0.50000298]
 [0.49999053 0.50009575]
 [0.50003665 0.50006375]
 [0.50003769 0.50008422]
 [0.50003743 0.50005284]
 [0.50003652 0.50006992]
 [0.49997072 0.49996376]
 [0.49998289 0.50001916]
 [0.50000558 0.49997922]
 [0.49993395 0.49998469]
 [0.50004287 0.50014541]
 [0.49999037 0.50004846]
 [0.49993995 0.49996023]
 [0.49998477 0.49999024]
 [0.499951   0.49994354]
 [0.4999852  0.5000501 ]
 [0.50000538 0.49999927]
 [0.50006776 0.50018044]
 [0.49999279 0.50000273]
 [0.4999551  0.50000972]
 [0.49997485 0.4999713 ]
 [0.49998377 0.49999245]
 [0.49992437 0.49989619]
 [0.49997918 0.49998814]
 [0.49998959 0.50002513]
 [0.49992093 0.49990079]
 [0.49996707 0.49995133]
 [0.49995129 0.50004334]
 [0.50004999 0.5000948 ]
 [0.50002688 0.50005157]
 [0.50000309 0.49996493]
 [0.50001991 0.50001398]
 [0.50008346 0.50014345]
 [0.50000215 0.50005979]
 [0.50002808 0.50006725]
 [0.50000176 0.50004417]
 [0.49998304 0.49995967]
 [0.50006512 0.50005028]
 [0.50010806 0.50019553]
 [0.49994914 0.50000859]
 [0.50011684 0.50014873]
 [0.50002732 0.50006113]
 [0.50007583 0.50010419]
 [0.49994107 0.49996181]
 [0.50005209 0.50003476]
 [0.49996097 0.49997532]
 [0.49999962 0.50009879]
 [0.50002077 0.50002858]
 [0.5000749  0.50012335]
 [0.50005312 0.50012354]
 [0.49999648 0.49997958]
 [0.49991235 0.49989154]
 [0.50004673 0.50003397]
 [0.500033   0.50003586]
 [0.4999551  0.50001376]
 [0.49998887 0.49999687]
 [0.50001747 0.50005834]
 [0.49997497 0.49994308]
 [0.50008949 0.50012973]
 [0.50007016 0.50010997]
 [0.50001636 0.50005256]
 [0.50010079 0.50018941]
 [0.49996764 0.50000672]
 [0.49999631 0.49994503]
 [0.5000568  0.50003808]
 [0.5000047  0.49997518]
 [0.50000328 0.50005392]
 [0.4999362  0.49990458]
 [0.49997339 0.49996589]
 [0.5000065  0.49999131]
 [0.50001592 0.50007179]
 [0.50013308 0.50025628]
 [0.50013085 0.50022543]
 [0.49994848 0.49990145]
 [0.49997632 0.50000042]
 [0.5000228  0.5000803 ]
 [0.50009141 0.50004472]
 [0.50003202 0.49997506]
 [0.5001009  0.50008392]
 [0.49998705 0.50004687]
 [0.50002741 0.50015214]
 [0.49999246 0.50011512]
 [0.50000034 0.49998924]
 [0.50004312 0.5001331 ]
 [0.50005136 0.5000033 ]
 [0.49996536 0.49996197]
 [0.50002951 0.50005862]
 [0.50003189 0.50003468]
 [0.49998006 0.49996236]
 [0.50009816 0.50013096]
 [0.49992859 0.49991024]
 [0.49989677 0.49987849]
 [0.50008118 0.50013148]
 [0.49998767 0.49997154]
 [0.50001731 0.50000027]
 [0.49998514 0.49999361]
 [0.50006079 0.50011687]
 [0.50001994 0.50000849]
 [0.49999655 0.50012469]
 [0.49998896 0.50001071]
 [0.50009524 0.50007275]
 [0.50002589 0.50007913]
 [0.49995621 0.49999613]
 [0.50009149 0.50004925]
 [0.50003657 0.50004853]
 [0.50002801 0.5001213 ]
 [0.50005697 0.50004062]
 [0.499918   0.49994952]
 [0.49994852 0.49996321]
 [0.50002319 0.50012732]
 [0.49995703 0.49994271]
 [0.50000005 0.50001325]
 [0.50000195 0.50004675]
 [0.49990122 0.4999647 ]
 [0.50002503 0.50005783]
 [0.50013327 0.50022881]
 [0.49992661 0.4999163 ]
 [0.49988146 0.49985123]
 [0.49999601 0.49996537]
 [0.50010954 0.50023314]
 [0.50006915 0.50010556]
 [0.4999281  0.49988365]
 [0.50006715 0.50019146]
 [0.49999272 0.50000351]
 [0.50004815 0.50003316]
 [0.49999936 0.50001279]
 [0.50002194 0.50000997]
 [0.4999565  0.49999789]
 [0.49998077 0.49995549]
 [0.5000257  0.50003606]
 [0.49993351 0.49992816]
 [0.5000608  0.50015746]
 [0.50010033 0.50016699]
 [0.49996645 0.49991971]
 [0.50007123 0.50014978]
 [0.50002217 0.50009086]
 [0.49995386 0.49995641]
 [0.4999145  0.4999723 ]
 [0.50006985 0.50013206]
 [0.50000122 0.50007463]
 [0.50009306 0.50010385]
 [0.50001911 0.50002911]
 [0.4999396  0.49994019]
 [0.5001073  0.50017978]
 [0.50003555 0.50011241]
 [0.49998234 0.50000947]
 [0.4999769  0.50001795]
 [0.49994573 0.4999117 ]
 [0.50008841 0.50023379]
 [0.50007371 0.50012514]
 [0.49997156 0.49994682]
 [0.50004852 0.50006605]
 [0.50002578 0.50011196]
 [0.50009164 0.50014742]
 [0.50005958 0.50015589]
 [0.5000052  0.50002005]
 [0.50003051 0.50007927]
 [0.49994919 0.4999798 ]
 [0.50006299 0.5000762 ]
 [0.49992501 0.49990844]
 [0.50012692 0.50015958]
 [0.50001158 0.49996566]
 [0.49999274 0.50001316]
 [0.50010303 0.50012625]
 [0.50007006 0.50007589]
 [0.49991844 0.49995908]
 [0.49997721 0.50002385]
 [0.49996526 0.49995313]
 [0.49999645 0.50005935]]